王小明,10101010,101010@aaa.com,100,90,80,70,60
陳小福,11111111,aaa@aaa.aa,50,50,60,60,50
劉小鳥,55555555,555@cc.cc,90,90,80,90,70
吳小貓,99999999,999@dd.dd,29,48,94,48,39
林小雞,88888888,88@kk.kk,88,93,74,38,49
張小魚,77777777,777@mm.cc,77,88,99,66,88
黃小草,66666666,66@nn.ss,47,49,47,49,54
葉小雄,33333333,33@dd.dd,33,66,99,66,55
許小胖,22222222,22@bb.ss,22,77,55,44,63
吳小福,00000000,sk@sks.com,22,66,88,99,77
PHP二五一,25125125,251@csie.org,71,72,73,74,75
abc,98765432,allan@csie.org,70,80,90,100,50
林志玲,12345670,aaaaaaa@csie.org,91,81,71,61,51